

=============== Processing Limit: 1000 ===============

--- Top 10 Results for Limit 1000 (Sorted by RMSE) ---
 num_boids  dimension  max_speed  perception_radius       rmse        mae  best_val_loss  duration_sec  error
       400        100         10                150 449.225808 333.152587       0.000429          4.37    NaN
       200        100         20                150 452.770684 342.161749       0.000436          3.94    NaN
       400        200         20                150 460.405539 353.891751       0.000451          4.77    NaN
       400        100          5                150 462.290948 355.499420       0.000455          4.22    NaN
       200        100         10                200 465.542597 355.384530       0.000461          4.80    NaN
       400        100         10                100 467.515870 360.932844       0.000465          4.37    NaN
       200        100         10                150 469.927774 358.875252       0.000470          4.67    NaN
       200        200          5                150 471.857521 363.845643       0.000474          4.27    NaN
       400        200         20                200 473.353789 365.709383       0.000477          4.81    NaN
       100        100         10                150 474.906285 362.942107       0.000480          4.32    NaN

--- Top 10 Results for Limit 1000 (Sorted by MAE) ---
 num_boids  dimension  max_speed  perception_radius       rmse        mae  best_val_loss  duration_sec  error
       400        100         10                150 449.225808 333.152587       0.000429          4.37    NaN
       200        100         20                150 452.770684 342.161749       0.000436          3.94    NaN
       400        200         20                150 460.405539 353.891751       0.000451          4.77    NaN
       200        100         10                200 465.542597 355.384530       0.000461          4.80    NaN
       400        100          5                150 462.290948 355.499420       0.000455          4.22    NaN
       200        100         10                150 469.927774 358.875252       0.000470          4.67    NaN
       400        200         20                 50 478.282467 360.405254       0.000487          4.48    NaN
       400        100         10                100 467.515870 360.932844       0.000465          4.37    NaN
       100        100         20                150 475.681059 361.526201       0.000481          3.92    NaN
       100        100         10                150 474.906285 362.942107       0.000480          4.32    NaN

--- Top 10 Results for Limit 1000 (Sorted by BEST_VAL_LOSS) ---
 num_boids  dimension  max_speed  perception_radius       rmse        mae  best_val_loss  duration_sec  error
       400        100         10                150 449.225808 333.152587       0.000429          4.37    NaN
       200        100         20                150 452.770684 342.161749       0.000436          3.94    NaN
       400        200         20                150 460.405539 353.891751       0.000451          4.77    NaN
       400        100          5                150 462.290948 355.499420       0.000455          4.22    NaN
       200        100         10                200 465.542597 355.384530       0.000461          4.80    NaN
       400        100         10                100 467.515870 360.932844       0.000465          4.37    NaN
       200        100         10                150 469.927774 358.875252       0.000470          4.67    NaN
       200        200          5                150 471.857521 363.845643       0.000474          4.27    NaN
       400        200         20                200 473.353789 365.709383       0.000477          4.81    NaN
       100        100         10                150 474.906285 362.942107       0.000480          4.32    NaN


=============== Processing Limit: 5000 ===============

--- Top 10 Results for Limit 5000 (Sorted by RMSE) ---
 num_boids  dimension  max_speed  perception_radius        rmse        mae  best_val_loss  duration_sec  error
        50        800         20                200 1299.601898 912.520154       0.000611         24.95    NaN
       200        100          5                200 1316.637289 869.681704       0.000627         30.49    NaN
       100        100         10                200 1317.184467 904.921867       0.000628         22.37    NaN
       100        100         20                100 1321.074368 871.929525       0.000631         25.61    NaN
       400        200         10                150 1323.134686 932.278954       0.000678         27.12    NaN
       100        200         20                150 1335.006476 878.647057       0.000645         26.88    NaN
       400        200         10                200 1367.061324 940.911845       0.000724         29.54    NaN
       200        100         20                200 1371.718877 926.989592       0.000681         28.29    NaN
       400        100         10                200 1374.462126 912.173235       0.000726         27.94    NaN
       200        800         20                200 1377.211028 933.972198       0.000686         29.46    NaN

--- Top 10 Results for Limit 5000 (Sorted by MAE) ---
 num_boids  dimension  max_speed  perception_radius        rmse        mae  best_val_loss  duration_sec  error
       200        100          5                200 1316.637289 869.681704       0.000627         30.49    NaN
       100        100         20                100 1321.074368 871.929525       0.000631         25.61    NaN
       100        200         20                150 1335.006476 878.647057       0.000645         26.88    NaN
       100        100         10                200 1317.184467 904.921867       0.000628         22.37    NaN
       400        100         10                200 1374.462126 912.173235       0.000726         27.94    NaN
        50        800         20                200 1299.601898 912.520154       0.000611         24.95    NaN
        50        200         10                200 1378.050669 916.569501       0.000687         23.33    NaN
        50        100          5                100 1389.756055 918.203172       0.000699         20.84    NaN
       400        100          5                150 1382.024935 924.780716       0.000691         27.20    NaN
       200        100         20                200 1371.718877 926.989592       0.000681         28.29    NaN

--- Top 10 Results for Limit 5000 (Sorted by BEST_VAL_LOSS) ---
 num_boids  dimension  max_speed  perception_radius        rmse        mae  best_val_loss  duration_sec  error
        50        800         20                200 1299.601898 912.520154       0.000611         24.95    NaN
       200        100          5                200 1316.637289 869.681704       0.000627         30.49    NaN
       100        100         10                200 1317.184467 904.921867       0.000628         22.37    NaN
       100        100         20                100 1321.074368 871.929525       0.000631         25.61    NaN
       100        200         20                150 1335.006476 878.647057       0.000645         26.88    NaN
       400        200         10                150 1323.134686 932.278954       0.000678         27.12    NaN
       200        100         20                200 1371.718877 926.989592       0.000681         28.29    NaN
       200        800         20                200 1377.211028 933.972198       0.000686         29.46    NaN
        50        200         10                200 1378.050669 916.569501       0.000687         23.33    NaN
       100        100          5                200 1379.964070 942.962350       0.000689         24.18    NaN


=============== Processing Limit: 10000 ===============

--- Top 10 Results for Limit 10000 (Sorted by RMSE) ---
 num_boids  dimension  max_speed  perception_radius        rmse        mae  best_val_loss  duration_sec  error
       400        100         10                150 1226.776279 826.725302       0.000440         77.77    NaN
       400        400          5                100 1239.004761 833.345579       0.000448         72.96    NaN
       200        200         10                150 1245.057710 842.753885       0.000453         81.46    NaN
        50        200          5                150 1254.841130 867.168986       0.000460         58.24    NaN
       400        200         20                200 1256.163156 849.392043       0.000461         68.66    NaN
       100        100         10                100 1261.776677 867.024602       0.000465         71.44    NaN
       400        100          5                200 1263.158421 854.372599       0.000466         81.57    NaN
       400        100          5                100 1263.716599 863.033390       0.000466         75.46    NaN
       200        100         20                 50 1266.255577 860.997976       0.000468         77.24    NaN
       200        200         20                100 1267.271287 882.973810       0.000469         74.81    NaN

--- Top 10 Results for Limit 10000 (Sorted by MAE) ---
 num_boids  dimension  max_speed  perception_radius        rmse        mae  best_val_loss  duration_sec  error
       400        100         10                150 1226.776279 826.725302       0.000440         77.77    NaN
       400        400          5                100 1239.004761 833.345579       0.000448         72.96    NaN
       200        200         10                150 1245.057710 842.753885       0.000453         81.46    NaN
       400        200         20                200 1256.163156 849.392043       0.000461         68.66    NaN
       400        100          5                200 1263.158421 854.372599       0.000466         81.57    NaN
       200        100         20                 50 1266.255577 860.997976       0.000468         77.24    NaN
       200        100         10                200 1274.382938 862.472001       0.000474         74.96    NaN
       400        100          5                100 1263.716599 863.033390       0.000466         75.46    NaN
       100        100          5                150 1268.045989 863.068471       0.000470         71.20    NaN
       100        100         10                100 1261.776677 867.024602       0.000465         71.44    NaN

--- Top 10 Results for Limit 10000 (Sorted by BEST_VAL_LOSS) ---
 num_boids  dimension  max_speed  perception_radius        rmse        mae  best_val_loss  duration_sec  error
       400        100         10                150 1226.776279 826.725302       0.000440         77.77    NaN
       400        400          5                100 1239.004761 833.345579       0.000448         72.96    NaN
       200        200         10                150 1245.057710 842.753885       0.000453         81.46    NaN
        50        200          5                150 1254.841130 867.168986       0.000460         58.24    NaN
       400        200         20                200 1256.163156 849.392043       0.000461         68.66    NaN
       100        100         10                100 1261.776677 867.024602       0.000465         71.44    NaN
       400        100          5                200 1263.158421 854.372599       0.000466         81.57    NaN
       400        100          5                100 1263.716599 863.033390       0.000466         75.46    NaN
       200        100         20                 50 1266.255577 860.997976       0.000468         77.24    NaN
       200        200         20                100 1267.271287 882.973810       0.000469         74.81    NaN